150,201
150,202
